76561198260367949,
76561199169405556,
76561199068733279,
76561199163007410,nizjh6z
76561198217496477,123
76561198441107598,Simon
76561198347881979,
76561198327927971,tea
76561198325508874,123
76561199057100740,123
76561198311876824,123
76561198346623483,Furkan ONDER
76561198172755310,
76561198393268613,123
76561198362332264,123
76561199015141875,JieM_
76561198964871302,REN
76561199077464671,klvb510658
76561198286891812,
76561199046853229,123
76561199153266496,⎝⎝✧yatudou✧⎠⎠
76561199165819808,123
76561198426728764,123
76561199078388928,
76561199071837752,
76561198822798459,
76561198355819189,惆怅你是南山
76561198366826010,直布陀螺
76561199086727027,yywsnbb2002520
76561198369822463,2337246292
76561199052753371,123
76561198890084646,᲼᲼᲼᲼᲼
76561199005593592,123
76561198989868658,PVE Bob2
76561198097720356,Sándor
76561198298041207,GRIZ
76561198121973465,123
76561198274162440,Drax
76561199126705004,happyyyyyy
76561198370327019,Omgg
76561198287000181,Wikipedia!
76561198202893187,sSanji
76561198811500885,
76561198446623936,
76561199019286523,321123
76561199170250565,
76561198876470786,
76561199153186851,q5fw8v2
76561198929988297,
76561199077416676,
76561199152934569,
76561198977829671,
76561198306295483,
76561198313387311,
76561198836067296,
76561198315952723,
76561199105280479,
76561199132358934,kbst7047
76561199026414466,123
76561199026457118,shuangpuao199801...
76561198929178456,
76561199074083758,123
76561199063719016,
76561198313166663,
76561197999046782,
76561199005841247,
76561199071993576,
76561198163361925,xtr
76561198837102741,123
76561199114240101,123
76561199029073468,123
76561198807478190,123
76561199183167129,856
76561198441340744,qianqian
76561199000469884,
76561198438378965,
76561198406879235,Ming
76561199098308049,123
76561199155322218,123
76561198315249403,123
76561199140594664,123
76561199213585300,
76561199113670340,123
76561198123852126,VLAD
76561198165848940,
76561198144607455,
76561198998020760,
76561198314476490,
76561198289833284,
76561198340924608,
76561198256609040,Nippur
76561199042070921,123
76561198967620631,
76561198967205672,
76561198438936987,
76561198861853550,123
76561198410498246,七七
76561198309857565,123
76561198373275744,
76561198398046093,兔崽汁
76561198350437489,123
76561198231038864,blood hands
76561198377938243,dddddddd
76561198415798819,
76561198978372110,
76561198801231190,
76561198869890496,
76561199008460649,
76561198399028975,
76561198867373253,
76561199078624838,
76561199077494162,gcqu963526
76561198802629923,
76561198386885144,WWOOXXOOXX
76561198983757628,919000966
76561198897362175,huma
76561198829971290,123
76561199010025071,123
76561199111682982,
76561198859536967,
76561198429662143,
76561199027590592,
76561199038202020,1317869563
76561198037006364,
76561198217990943,
76561197992995865,
76561198378250050,123
76561198873127414,
76561198368008422,
76561198361702699,
76561198376904589,
76561198971290358,123
76561198813384988,
76561198801167352,
76561199207375882,
76561199070494769,
76561198987853779,
76561198799551796,
76561198421472976,
76561198942029257,7656119894202925...
76561199113473021,
76561198394107917,
76561199133127970,
76561199133045175,
76561198416319240,
76561199179928289,123
76561199152764326,
76561199200142404,
76561198857784849,
76561199067227158,
76561198882495180,
76561198453188411,
76561199230408849,
76561198840698250,
76561199172596126,
76561198883175457,
76561199089837949,
76561199064020953,
76561198441719537,prozzy01768
76561198069373269,Nemehlo
76561198361297516,123
76561198889380786,
76561198363150034,
76561199016208729,
76561198857669597,
76561199059669841,123
76561199117193375,
76561199122890983,
76561198197469263,123
76561199160024808,z4yemqo
76561199057434028,123
76561198371051856,
76561198875821013,1985275609
76561198826776894,
76561198387673155,
76561199206087883,123
76561199124122118,123
76561198933075653,
76561198852862767,
76561199005896586,
76561199069801698,
76561199023258650,lenipeperete
76561199179684647,
76561198351883455,
76561199081778735,123
76561198350440257,
76561198825334426,
76561199158563355,
76561199010981623,
76561199163060754,
76561199157346994,
76561198294413536,
76561198332867352,
76561198802359931,
76561198286902042,
76561198388116527,
76561198355216349,
76561199106556502,
76561198854657565,
76561198410930761,123
76561199089596784,BBX_HAZE
76561198406537744,tycjq0926
76561199012894663,
76561199030682598,
76561198087601972,
76561198395445554,
76561199378755932,
76561199016283302,
76561198023441620,
76561199087951580,
76561199223131153,
76561198449438087,
